source_id,target_id,distance
1264320497,1264369243,12.3115
1264369243,1264320497,12.3115
1264369243,5413281637,45.814
5413281637,1264369243,45.814
5413281637,5413278010,67.9583
5413278010,5413281637,67.9583
5413278010,1264365461,48.3341
1264365461,5413278010,48.3341
1264365461,1264328221,52.7728
1264328221,1264365461,52.7728
1264328221,1264285644,59.5419
1264285644,1264328221,59.5419
1264339833,1264299587,55.3439
1264299587,1264339833,55.3439
1264299587,1264282694,51.5073
1264282694,1264299587,51.5073
5213022342,1264334002,49.7304
1264334002,5213022342,49.7304
1264334002,1264323328,49.1243
1264323328,1264334002,49.1243
1264323328,11036611180,29.7027
11036611180,1264323328,29.7027
11036611180,11036611181,13.9118
11036611181,11036611180,13.9118
11036611181,1264303601,6.26831
1264303601,11036611181,6.26831
1264303601,5213022339,29.3405
5213022339,1264303601,29.3405
5213022339,1264354130,30.6948
1264354130,5213022339,30.6948
1264354130,5381067400,52.5689
5381067400,1264354130,52.5689
1264281535,5416554546,38.2075
5416554546,1264281535,38.2075
5416554546,1264336127,54.6368
1264336127,5416554546,54.6368
1253012937,5213022340,31.2735
5213022340,1253012937,31.2735
1264284443,1264337560,27.9827
1264337560,1264284443,27.9827
1264337560,11054085253,24.1232
11054085253,1264337560,24.1232
11054085253,1264349790,20.1567
1264349790,11054085253,20.1567
1264349790,11054085252,40.3522
11054085252,1264349790,40.3522
11054085252,1264301536,39.3488
1264301536,11054085252,39.3488
1264301536,1264284582,33.6084
1264284582,1264301536,33.6084
1264284582,1264337695,48.5969
1264337695,1264284582,48.5969
1264337695,1264360825,51.1524
1264360825,1264337695,51.1524
1264360825,5410091207,51.2365
5410091207,1264360825,51.2365
5410091207,1264320598,57.7904
1264320598,5410091207,57.7904
1264320598,1264280972,44.9167
1264280972,1264320598,44.9167
1264280972,1253012937,50.913
1253012937,1264280972,50.913
1253012937,11231291237,49.2541
11231291237,1253012937,49.2541
11231291237,1264288323,6.81018
1264288323,11231291237,6.81018
1264288323,1264286612,43.3452
1264286612,1264288323,43.3452
1264286612,1264298207,26.3741
1264298207,1264286612,26.3741
1264298207,1264306083,46.3618
1264306083,1264298207,46.3618
1264306083,1264335633,47.9841
1264335633,1264306083,47.9841
1264283898,5213573196,49.9177
5213573196,1264283898,49.9177
5213573196,5410079095,21.7133
5410079095,5213573196,21.7133
5410079095,1264330785,25.8341
1264330785,5410079095,25.8341
1264330785,5213573192,24.4738
5213573192,1264330785,24.4738
5213573192,1264324064,12.7314
1264324064,5213573192,12.7314
1264314183,1264302202,13.8316
1264302202,1264314183,13.8316
1264333621,5213573170,16.264
5213573170,1264333621,16.264
5213573170,5213573181,10.9287
5213573181,5213573170,10.9287
5213573181,5213573182,17.0344
5213573182,5213573181,17.0344
5213573182,5213573171,12.0326
5213573171,5213573182,12.0326
5213573171,1264282341,26.4401
1264282341,5213573171,26.4401
4208411691,4208410588,24.0513
4208410588,4208411691,24.0513
4208410588,4208410587,6.98743
4208410587,4208410588,6.98743
4208410587,1252942052,123.052
1252942052,4208410587,123.052
1252942052,1264284592,48.6232
1264284592,1252942052,48.6232
1264284592,1264337712,87.4174
1264337712,1264284592,87.4174
1264337712,5213573217,45.768
5213573217,1264337712,45.768
5213573217,1264328875,4.50638
1264328875,5213573217,4.50638
1264328875,5213716498,4.67185
5213716498,1264328875,4.67185
5213716498,1264310895,44.477
1264310895,5213716498,44.477
1264310895,1264364379,51.8682
1264364379,1264310895,51.8682
1264364379,5410073959,46.1222
5410073959,1264364379,46.1222
5410073959,5410091204,3.49309
5410091204,5410073959,3.49309
5410091204,1264316876,55.7744
1264316876,5410091204,55.7744
1264316876,1264338771,43.4791
1264338771,1264316876,43.4791
1264366689,10975957043,12.4354
10975957043,1264366689,12.4354
10975957043,4451079019,39.3293
4451079019,10975957043,39.3293
4451079019,4451079020,10.2293
4451079020,4451079019,10.2293
5381265040,1264295787,51.4858
1264295787,5381265040,51.4858
1264295787,1253003378,50.0334
1253003378,1264295787,50.0334
1253003378,1252930982,49.7539
1252930982,1253003378,49.7539
1252930982,8990452278,23.1432
8990452278,1252930982,23.1432
8990452278,1264282779,19.7775
1264282779,8990452278,19.7775
1264282779,5113940023,11.1814
5113940023,1264282779,11.1814
5113940023,5113940025,11.2388
5113940025,5113940023,11.2388
5113940025,1264286846,6.99824
1264286846,5113940025,6.99824
5410185518,5584754416,64.3561
5584754416,5410185518,64.3561
5584754416,1264341525,5.32682
1264341525,5584754416,5.32682
1264341525,5462754465,58.2566
5462754465,1264341525,58.2566
5462754465,1264302896,5.95453
1264302896,5462754465,5.95453
1264302896,11036593454,18.5344
11036593454,1264302896,18.5344
11036593454,1264353185,73.6864
1264353185,11036593454,73.6864
1264353185,1264282206,76.7221
1264282206,1264353185,76.7221
1264282206,5462584447,69.5672
5462584447,1264282206,69.5672
5462584447,1252904093,78.9049
1252904093,5462584447,78.9049
1252904093,5462583198,74.3427
5462583198,1252904093,74.3427
5462583198,5462584481,72.4389
5462584481,5462583198,72.4389
5462584481,5415379864,73.7702
5415379864,5462584481,73.7702
5415379864,5415379873,70.8948
5415379873,5415379864,70.8948
5415379873,5515066594,69.9361
5515066594,5415379873,69.9361
5515066594,10978143728,26.5861
10978143728,5515066594,26.5861
10978143728,10978143729,18.6241
10978143729,10978143728,18.6241
10978143729,5462790766,27.7749
5462790766,10978143729,27.7749
5462790766,1264366508,53.5987
1264366508,5462790766,53.5987
1264320598,11012490945,24.7944
11012490945,1264320598,24.7944
1264320381,5416508843,39.2055
5416508843,1264320381,39.2055
5416508843,1252914227,38.5842
1252914227,5416508843,38.5842
5413104604,5413244177,3.49488
5413244177,5413104604,3.49488
5413244177,8444508368,71.0658
8444508368,5413244177,71.0658
8444508368,10972466502,62.036
10972466502,8444508368,62.036
10972466502,5413239301,3.73684
5413239301,10972466502,3.73684
5413239301,10972466504,9.05259
10972466504,5413239301,9.05259
10972466504,11010633215,33.5632
11010633215,10972466504,33.5632
11010633215,8444508370,36.5726
8444508370,11010633215,36.5726
8444508370,5410185503,7.34479
5410185503,8444508370,7.34479
5410185503,11010725582,82.6729
11010725582,5410185503,82.6729
11010725582,5410185501,60.5021
5410185501,11010725582,60.5021
1252978461,1264319168,13.6409
1264319168,1252978461,13.6409
1264319168,5462754460,33.8578
5462754460,1264319168,33.8578
5462754460,1253015183,16.2994
1253015183,5462754460,16.2994
5416508888,5416508887,28.8288
5416508887,5416508888,28.8288
5416508887,10958811722,8.32925
10958811722,5416508887,8.32925
10958811722,5416508886,6.29935
5416508886,10958811722,6.29935
5416508886,5462583134,20.6611
5462583134,5416508886,20.6611
5462583134,5462566568,52.7923
5462566568,5462583134,52.7923
5462566568,5416508884,56.2727
5416508884,5462566568,56.2727
1252903106,5213573152,22.7883
5213573152,1252903106,22.7883
5213573152,1264361991,43.7272
1264361991,5213573152,43.7272
1264319720,10082536855,3.16913
10082536855,1264319720,3.16913
10082536855,1736356342,4.48105
1736356342,10082536855,4.48105
1736356342,5213573148,9.12488
5213573148,1736356342,9.12488
5213573148,10972468962,13.3314
10972468962,5213573148,13.3314
10972468962,1736356334,8.02002
1736356334,10972468962,8.02002
1736356334,11054085275,5.67635
11054085275,1736356334,5.67635
11054085275,1253013430,4.2913
1253013430,11054085275,4.2913
1264366689,5381398167,5.29335
5381398167,1264366689,5.29335
5381398167,11012968604,5.00163
11012968604,5381398167,5.00163
11012968604,11012979207,8.71821
11012979207,11012968604,8.71821
11012979207,5381398168,7.37708
5381398168,11012979207,7.37708
5381398168,5579802431,4.94496
5579802431,5381398168,4.94496
5579802431,1736356324,7.10416
1736356324,5579802431,7.10416
1736356324,10975957007,7.13852
10975957007,1736356324,7.13852
10975957007,10975957006,5.55293
10975957006,10975957007,5.55293
10975957006,11012968603,6.39002
11012968603,10975957006,6.39002
11012968603,10975957005,7.2498
10975957005,11012968603,7.2498
10975957005,10975890604,12.7832
10975890604,10975957005,12.7832
10975890604,11001911115,16.1967
11001911115,10975890604,16.1967
11001911115,10975957008,2.43643
10975957008,11001911115,2.43643
10975957008,10975957009,10.9996
10975957009,10975957008,10.9996
10975957009,1736356320,12.0977
1736356320,10975957009,12.0977
1736356320,10975957010,13.704
10975957010,1736356320,13.704
10975957010,1736356318,10.8522
1736356318,10975957010,10.8522
1736356318,10975957011,11.0499
10975957011,1736356318,11.0499
10975957011,5410044854,11.5729
5410044854,10975957011,11.5729
5410044854,5410044855,14.5709
5410044855,5410044854,14.5709
5410044855,1264366646,21.4269
1264366646,5410044855,21.4269
5410186947,5491703147,10.0626
5491703147,5410186947,10.0626
5491703147,10978060401,7.10472
10978060401,5491703147,7.10472
10978060401,5410186946,5.67513
5410186946,10978060401,5.67513
5410186946,10978060387,43.3446
10978060387,5410186946,43.3446
10978060387,1264310621,52.8929
1264310621,10978060387,52.8929
1264310621,1264319168,49.1097
1264319168,1264310621,49.1097
4451087468,5462556681,10.8137
5462556681,4451087468,10.8137
5462556681,10986721898,25.1876
10986721898,5462556681,25.1876
10986721898,5528767584,29.6949
5528767584,10986721898,29.6949
5528767584,10986721888,8.07041
10986721888,5528767584,8.07041
10986721888,5462556674,19.8317
5462556674,10986721888,19.8317
5462556674,10988350337,4.37878
10988350337,5462556674,4.37878
10988350337,5528767578,7.42638
5528767578,10988350337,7.42638
5528767578,5462556658,17.0499
5462556658,5528767578,17.0499
5462556658,10988350340,17.8319
10988350340,5462556658,17.8319
10988350340,5528767590,14.4363
5528767590,10988350340,14.4363
5528767590,10988350343,9.33249
10988350343,5528767590,9.33249
10988350343,5462556655,13.1169
5462556655,10988350343,13.1169
5462556655,10988350346,5.80695
10988350346,5462556655,5.80695
10988350346,5462556653,23.3511
5462556653,10988350346,23.3511
5462556653,10988350354,42.688
10988350354,5462556653,42.688
10988350354,5489103756,9.24747
5489103756,10988350354,9.24747
5489103756,10988350351,7.5163
10988350351,5489103756,7.5163
10988350351,1264285308,29.6169
1264285308,10988350351,29.6169
1264285308,10988350358,3.35709
10988350358,1264285308,3.35709
10988350358,5489103799,5.53851
5489103799,10988350358,5.53851
5489103799,5381398150,12.7386
5381398150,5489103799,12.7386
5381398150,10988350364,8.39311
10988350364,5381398150,8.39311
10988350364,10988350365,13.7672
10988350365,10988350364,13.7672
10988350365,10988350366,14.8522
10988350366,10988350365,14.8522
10988350366,5415368368,8.95336
5415368368,10988350366,8.95336
5415368368,5381398151,33.7425
5381398151,5415368368,33.7425
5381398151,10988350406,1.70618
10988350406,5381398151,1.70618
10988350406,10988350403,17.0683
10988350403,10988350406,17.0683
10988350403,11013082789,7.83525
11013082789,10988350403,7.83525
11013082789,11013082785,6.28294
11013082785,11013082789,6.28294
11013082785,5381398152,4.09552
5381398152,11013082785,4.09552
5381398152,11013082787,3.87334
11013082787,5381398152,3.87334
11013082787,11013082786,4.87422
11013082786,11013082787,4.87422
11013082786,5489103790,4.33406
5489103790,11013082786,4.33406
5489103790,10988350400,18.4372
10988350400,5489103790,18.4372
10988350400,5381398153,9.29031
5381398153,10988350400,9.29031
5381398153,10988350397,8.26431
10988350397,5381398153,8.26431
10988350397,5489103774,31.113
5489103774,10988350397,31.113
5489103774,5381398154,24.1797
5381398154,5489103774,24.1797
5381398154,10988350394,1.95589
10988350394,5381398154,1.95589
10988350394,5489103777,5.6671
5489103777,10988350394,5.6671
5489103777,10988350388,6.5408
10988350388,5489103777,6.5408
10988350388,5489103783,2.15169
5489103783,10988350388,2.15169
5489103783,10988350391,20.369
10988350391,5489103783,20.369
10988350391,5579802452,7.55057
5579802452,10988350391,7.55057
5579802452,5381398155,34.7204
5381398155,5579802452,34.7204
5381398155,5579802451,16.9428
5579802451,5381398155,16.9428
5579802451,5489103782,62.2869
5489103782,5579802451,62.2869
5489103782,5381398156,17.8816
5381398156,5489103782,17.8816
5381398156,5489103778,6.57231
5489103778,5381398156,6.57231
5489103778,5489103779,53.0064
5489103779,5489103778,53.0064
5489103779,5381398157,59.1524
5381398157,5489103779,59.1524
5381398157,5415377720,12.647
5415377720,5381398157,12.647
5415377720,5415368364,110.664
5415368364,5415377720,110.664
5415368364,5381398158,3.99171
5381398158,5415368364,3.99171
5381398158,5491738704,7.03515
5491738704,5381398158,7.03515
5491738704,5381398159,4.67809
5381398159,5491738704,4.67809
5381398159,10978106973,10.3573
10978106973,5381398159,10.3573
10978106973,5381398160,13.8143
5381398160,10978106973,13.8143
5381398160,5381398161,9.99024
5381398161,5381398160,9.99024
5381398161,5381398162,26.4193
5381398162,5381398161,26.4193
5381398162,5491738707,37.2419
5491738707,5381398162,37.2419
5491738707,10978060388,7.03866
10978060388,5491738707,7.03866
10978060388,5491738706,6.22449
5491738706,10978060388,6.22449
5491738706,5491738705,6.11885
5491738705,5491738706,6.11885
5491738705,5381398163,10.731
5381398163,5491738705,10.731
1252992447,5462754425,39.8073
5462754425,1252992447,39.8073
5462754425,5415368385,12.7121
5415368385,5462754425,12.7121
5415368385,11033579501,18.4293
11033579501,5415368385,18.4293
11033579501,11033579502,11.4589
11033579502,11033579501,11.4589
11033579502,5579802476,6.92786
5579802476,11033579502,6.92786
5579802476,5489103817,15.9225
5489103817,5579802476,15.9225
5489103817,5489103818,11.8724
5489103818,5489103817,11.8724
5489103818,5709466683,6.62887
5709466683,5489103818,6.62887
5709466683,5415368386,9.40277
5415368386,5709466683,9.40277
5415368386,5489103819,13.7955
5489103819,5415368386,13.7955
5489103819,5489103820,8.74768
5489103820,5489103819,8.74768
5489103820,5415368387,20.3488
5415368387,5489103820,20.3488
5415368387,5462556556,19.2672
5462556556,5415368387,19.2672
5462556556,5415368388,30.5197
5415368388,5462556556,30.5197
5415368388,10993714594,13.8936
10993714594,5415368388,13.8936
10993714594,5489103821,11.5767
5489103821,10993714594,11.5767
1264284592,5213573213,61.6192
5213573213,1264284592,61.6192
4208411708,1253026501,82.478
1253026501,4208411708,82.478
1264297895,11009517211,21.3981
11009517211,1264297895,21.3981
11009517211,1264366893,10.984
1264366893,11009517211,10.984
1264366893,1264332325,16.5932
1264332325,1264366893,16.5932
1264332325,5213573180,23.5026
5213573180,1264332325,23.5026
5213573180,5072664652,27.6694
5072664652,5213573180,27.6694
5072664652,5416508831,3.19613
5416508831,5072664652,3.19613
5416508831,7717594760,47.6807
7717594760,5416508831,47.6807
7717594760,5416508829,56.6911
5416508829,7717594760,56.6911
5410079090,1264285931,59.0996
1264285931,5410079090,59.0996
1264285931,11006740825,4.94472
11006740825,1264285931,4.94472
11006740825,5213573194,5.22012
5213573194,11006740825,5.22012
5213573194,5213573195,21.4138
5213573195,5213573194,21.4138
11012592324,1264292788,15.6745
1264292788,11012592324,15.6745
1264292788,11012592325,5.25355
11012592325,1264292788,5.25355
11012592325,1264323930,89.237
1264323930,11012592325,89.237
1264323930,1264282947,67.9029
1264282947,1264323930,67.9029
1264282947,11009517217,25.1608
11009517217,1264282947,25.1608
11009517217,1264330028,50.3698
1264330028,11009517217,50.3698
1264330028,1264288850,19.6697
1264288850,1264330028,19.6697
1264288850,1264315395,22.8711
1264315395,1264288850,22.8711
1264315395,5072661363,25.251
5072661363,1264315395,25.251
5072661363,1264337959,7.59396
1264337959,5072661363,7.59396
1264337959,5416508840,31.6327
5416508840,1264337959,31.6327
5416508840,11009517209,15.0656
11009517209,5416508840,15.0656
11009517209,1264315141,13.2844
1264315141,11009517209,13.2844
1264315141,1252914227,41.097
1252914227,1264315141,41.097
1252914227,5416508830,26.0302
5416508830,1252914227,26.0302
5416508830,5416508831,13.0693
5416508831,5416508830,13.0693
5413277264,5413277263,15.8436
5413277263,5413277264,15.8436
5413277263,5213022332,87.5479
5213022332,5413277263,87.5479
1253033893,1264285000,96.9604
1264285000,1253033893,96.9604
1264285000,11033647209,53.5948
11033647209,1264285000,53.5948
11033647209,1264292433,57.6767
1264292433,11033647209,57.6767
5462556572,5416508879,10.0034
5416508879,5462556572,10.0034
5416508879,5416508878,17.6893
5416508878,5416508879,17.6893
5416508878,1253009543,17.9934
1253009543,5416508878,17.9934
1253009543,5462556581,9.35861
5462556581,1253009543,9.35861
5462556581,5113922954,50.7674
5113922954,5462556581,50.7674
5213573157,10972469104,16.9331
10972469104,5213573157,16.9331
10972469104,1264281351,17.4832
1264281351,10972469104,17.4832
1264281351,1264324586,55.8533
1264324586,1264281351,55.8533
1264324586,1264342634,40.7998
1264342634,1264324586,40.7998
1264286846,5113939619,9.04904
5113939619,1264286846,9.04904
5113939619,5381265041,24.169
5381265041,5113939619,24.169
5381265041,5416554558,10.023
5416554558,5381265041,10.023
5416554558,10958659977,4.56294
10958659977,5416554558,4.56294
10958659977,5381265043,4.15869
5381265043,10958659977,4.15869
5381265043,10967277263,4.06978
10967277263,5381265043,4.06978
10967277263,8990477742,3.32784
8990477742,10967277263,3.32784
8990477742,5381265042,5.01117
5381265042,8990477742,5.01117
5381265042,1264298635,46.8374
1264298635,5381265042,46.8374
1264298635,10967277264,15.5909
10967277264,1264298635,15.5909
10967277264,10967277265,11.7841
10967277265,10967277264,11.7841
10967277265,5426873001,14.8902
5426873001,10967277265,14.8902
5426873001,1252986597,37.1152
1252986597,5426873001,37.1152
1252986597,1253037288,32.4243
1253037288,1252986597,32.4243
1253037288,1253003287,22.0331
1253003287,1253037288,22.0331
1253003287,1264365166,12.1401
1264365166,1253003287,12.1401
1264365166,1264306787,8.00844
1264306787,1264365166,8.00844
1264306787,11010687296,2.51901
11010687296,1264306787,2.51901
11010687296,1264293979,2.53985
1264293979,11010687296,2.53985
1264293979,1264346408,5.54427
1264346408,1264293979,5.54427
1264346408,10967277269,3.9163
10967277269,1264346408,3.9163
10967277269,1264284162,3.97499
1264284162,10967277269,3.97499
1264284162,11113125994,4.51735
11113125994,1264284162,4.51735
11113125994,1264337384,2.44778
1264337384,11113125994,2.44778
1264337384,10967277268,6.47128
10967277268,1264337384,6.47128
10967277268,1264301913,10.2422
1264301913,10967277268,10.2422
1264301913,10967277267,8.77474
10967277267,1264301913,8.77474
10967277267,11027066629,4.66785
11027066629,10967277267,4.66785
11027066629,1264347783,15.1449
1264347783,11027066629,15.1449
1264347783,5462556583,19.2052
5462556583,1264347783,19.2052
5462556583,5426872999,30.7997
5426872999,5462556583,30.7997
5426872999,10967277271,0.745668
10967277271,5426872999,0.745668
10967277271,11010687297,3.35707
11010687297,10967277271,3.35707
11010687297,1264288472,28.0076
1264288472,11010687297,28.0076
1264288472,1253001021,12.1656
1253001021,1264288472,12.1656
1253001021,5113939617,7.79794
5113939617,1253001021,7.79794
5113939617,11027066652,9.3796
11027066652,5113939617,9.3796
11027066652,5426871009,11.998
5426871009,11027066652,11.998
5426871009,5416554550,13.1667
5416554550,5426871009,13.1667
5416554550,5462566538,24.6574
5462566538,5416554550,24.6574
5462566538,1264357910,13.4463
1264357910,5462566538,13.4463
1264357910,1264281535,36.3402
1264281535,1264357910,36.3402
1264281535,9235724406,23.7062
9235724406,1264281535,23.7062
9235724406,1252997918,12.5801
1252997918,9235724406,12.5801
1253001021,11027066649,29.6558
11027066649,1253001021,29.6558
11027066649,11027066655,27.7436
11027066655,11027066649,27.7436
11027066655,1264285712,2.75621
1264285712,11027066655,2.75621
5462556577,5113939608,31.6793
5113939608,5462556577,31.6793
5113939608,5113939609,54.0329
5113939609,5113939608,54.0329
1252997918,1252992809,45.6406
1252992809,1252997918,45.6406
1252992809,1264321567,54.7218
1264321567,1252992809,54.7218
5115149008,1264358155,21.1386
1264358155,5115149008,21.1386
1264358155,1253002047,66.9223
1253002047,1264358155,66.9223
1253002047,5413256919,80.7472
5413256919,1253002047,80.7472
5415368376,5415368375,22.1606
5415368375,5415368376,22.1606
5415368375,10958811758,18.362
10958811758,5415368375,18.362
10958811758,5489103736,21.281
5489103736,10958811758,21.281
5489103736,4451087467,16.8078
4451087467,5489103736,16.8078
4451087467,10958811759,7.15527
10958811759,4451087467,7.15527
10958811759,5517395234,8.49054
5517395234,10958811759,8.49054
5517395234,5517395237,9.73204
5517395237,5517395234,9.73204
5517395237,10988350307,9.29013
10988350307,5517395237,9.29013
10988350307,5517395235,13.3903
5517395235,10988350307,13.3903
5462556576,11027066632,21.7281
11027066632,5462556576,21.7281
11027066632,5462556575,14.9847
5462556575,11027066632,14.9847
5462556575,5462556574,15.5236
5462556574,5462556575,15.5236
5462556574,11027066633,5.01744
11027066633,5462556574,5.01744
11027066633,5579802518,19.7812
5579802518,11027066633,19.7812
5579802518,10967277384,44.0597
10967277384,5579802518,44.0597
10967277384,1264323566,27.5967
1264323566,10967277384,27.5967
1264323566,5113939613,12.2776
5113939613,1264323566,12.2776
5113939613,5113939609,9.20592
5113939609,5113939613,9.20592
5113939609,10967277387,22.011
10967277387,5113939609,22.011
10967277387,5462556573,17.4111
5462556573,10967277387,17.4111
5462556573,11064204545,12.2895
11064204545,5462556573,12.2895
11064204545,5462556572,23.1
5462556572,11064204545,23.1
5462556572,10967277371,10.7372
10967277371,5462556572,10.7372
10967277371,5462556571,8.44748
5462556571,10967277371,8.44748
5462556571,10967277372,15.0676
10967277372,5462556571,15.0676
10967277372,5462556570,13.671
5462556570,10967277372,13.671
5462556570,11064204546,2.15614
11064204546,5462556570,2.15614
11064204546,10967277373,10.2479
10967277373,11064204546,10.2479
10967277373,5462556569,11.4559
5462556569,10967277373,11.4559
5462556569,10967277374,8.1538
10967277374,5462556569,8.1538
10967277374,10967277370,5.67136
10967277370,10967277374,5.67136
10967277370,5462556568,6.16153
5462556568,10967277370,6.16153
5416508895,5709472926,22.9265
5709472926,5416508895,22.9265
5709472926,5115233699,6.51794
5115233699,5709472926,6.51794
5115233699,10993714600,3.21431
10993714600,5115233699,3.21431
10993714600,5709472925,3.21305
5709472925,10993714600,3.21305
5709472925,5709472924,17.7473
5709472924,5709472925,17.7473
5709472924,5115233700,16.5502
5115233700,5709472924,16.5502
5115233700,5462566426,17.6836
5462566426,5115233700,17.6836
5462566426,10993714597,10.2964
10993714597,5462566426,10.2964
10993714597,5709472921,23.941
5709472921,10993714597,23.941
5709472921,5709472923,5.40386
5709472923,5709472921,5.40386
5709472923,5709472922,9.63922
5709472922,5709472923,9.63922
5709472922,5416508896,15.5677
5416508896,5709472922,15.5677
5416508896,10967277335,14.9906
10967277335,5416508896,14.9906
10967277335,10967277336,13.4009
10967277336,10967277335,13.4009
10967277336,5709471720,10.6232
5709471720,10967277336,10.6232
5709471720,5416508897,18.8987
5416508897,5709471720,18.8987
5416508897,5709455697,28.4401
5709455697,5416508897,28.4401
5709455697,5709455696,22.4487
5709455696,5709455697,22.4487
5709455696,5416508898,7.70989
5416508898,5709455696,7.70989
5416508898,10993890768,17.5872
10993890768,5416508898,17.5872
10993890768,10993890769,27.1658
10993890769,10993890768,27.1658
10993890769,10993890770,8.61806
10993890770,10993890769,8.61806
10993890770,5416508899,3.97939
5416508899,10993890770,3.97939
5416508899,5416508900,57.7911
5416508900,5416508899,57.7911
1252982415,1252969455,47.9198
1252969455,1252982415,47.9198
1252908914,5213022338,22.3248
5213022338,1252908914,22.3248
5213022338,5213022337,18.2391
5213022337,5213022338,18.2391
5213022337,1264319230,33.1215
1264319230,5213022337,33.1215
5381265040,11050326091,50.8892
11050326091,5381265040,50.8892
11050326091,10827503378,56.6314
10827503378,11050326091,56.6314
10827503378,5416554582,57.843
5416554582,10827503378,57.843
5416554582,1253001291,10.0623
1253001291,5416554582,10.0623
1253001291,8990421404,5.77828
8990421404,1253001291,5.77828
8990421404,5113922602,8.36204
5113922602,8990421404,8.36204
5113922602,1264308671,33.1483
1264308671,5113922602,33.1483
1264308671,1264367918,113.441
1264367918,1264308671,113.441
1264367918,1264332996,22.4058
1264332996,1264367918,22.4058
1264332996,1264284223,18.3976
1264284223,1264332996,18.3976
1264284223,5579802514,13.94
5579802514,1264284223,13.94
5579802514,1264314881,15.3323
1264314881,5579802514,15.3323
1264314881,6824295836,18.3964
6824295836,1264314881,18.3964
6824295836,1264313704,14.398
1264313704,6824295836,14.398
1264313704,6824295837,26.258
6824295837,1264313704,26.258
6824295837,1264294075,23.7197
1264294075,6824295837,23.7197
1264294075,5416554600,47.1533
5416554600,1264294075,47.1533
5416554600,1264337427,9.01027
1264337427,5416554600,9.01027
1264337427,1264365503,15.0074
1264365503,1264337427,15.0074
1264365503,10958659988,10.1022
10958659988,1264365503,10.1022
10958659988,1264295043,10.8211
1264295043,10958659988,10.8211
1264295043,5416554605,4.75729
5416554605,1264295043,4.75729
5416554605,1264346718,8.60363
1264346718,5416554605,8.60363
1264346718,5113922605,13.9682
5113922605,1264346718,13.9682
5113922605,4978638234,20.9786
4978638234,5113922605,20.9786
4978638234,11024180683,8.91655
11024180683,4978638234,8.91655
11024180683,1264281994,7.0601
1264281994,11024180683,7.0601
1264281994,11024180682,19.4835
11024180682,1264281994,19.4835
11024180682,4978638235,19.2461
4978638235,11024180682,19.2461
4978638235,11024180681,36.7993
11024180681,4978638235,36.7993
11024180681,5416554603,3.92724
5416554603,11024180681,3.92724
5416554603,1253006420,9.72473
1253006420,5416554603,9.72473
1253006420,5416554615,39.7432
5416554615,1253006420,39.7432
5416554615,1264364519,50.5629
1264364519,5416554615,50.5629
1264364519,1264315005,49.0661
1264315005,1264364519,49.0661
1264315005,5416554611,47.9152
5416554611,1264315005,47.9152
5416554611,11027011568,19.9842
11027011568,5416554611,19.9842
11027011568,1253025836,8.66205
1253025836,11027011568,8.66205
1253025836,1264319618,16.8678
1264319618,1253025836,16.8678
1264319618,1252936454,53.2708
1252936454,1264319618,53.2708
1252936454,5489103669,53.0317
5489103669,1252936454,53.0317
5489103669,1264338882,51.8887
1264338882,5489103669,51.8887
5413281702,5413281701,38.7605
5413281701,5413281702,38.7605
5413281701,8986847727,15.6428
8986847727,5413281701,15.6428
8986847727,10967277291,15.8816
10967277291,8986847727,15.8816
10967277291,5413281700,8.23383
5413281700,10967277291,8.23383
5413281700,8986847730,65.9504
8986847730,5413281700,65.9504
8986847730,5413281704,5.77006
5413281704,8986847730,5.77006
5413281704,5413281705,7.54333
5413281705,5413281704,7.54333
5413281705,5413281703,11.2329
5413281703,5413281705,11.2329
1264339878,10972469050,9.72851
10972469050,1264339878,9.72851
10972469050,5213518765,12.7691
5213518765,10972469050,12.7691
5213518765,5213518766,32.8471
5213518766,5213518765,32.8471
5213518766,5213518767,8.87401
5213518767,5213518766,8.87401
5213518767,1264367714,26.2144
1264367714,5213518767,26.2144
1264367714,1264318293,113.418
1264318293,1264367714,113.418
1264318293,1264340978,34.0288
1264340978,1264318293,34.0288
1264340978,1264365681,22.9829
1264365681,1264340978,22.9829
1264365681,1264295373,32.8637
1264295373,1264365681,32.8637
1264295373,1264339635,20.3156
1264339635,1264295373,20.3156
1264339635,1264346894,13.8731
1264346894,1264339635,13.8731
1264346894,1264299208,26.0445
1264299208,1264346894,26.0445
1264299208,1252991322,31.711
1252991322,1264299208,31.711
1252991322,1264287025,41.4928
1264287025,1252991322,41.4928
1264287025,1264343514,12.8866
1264343514,1264287025,12.8866
1264343514,1264309199,7.52278
1264309199,1264343514,7.52278
1264309199,11009517215,7.55407
11009517215,1264309199,7.55407
11009517215,1252973544,10.1918
1252973544,11009517215,10.1918
5213050243,1253012937,48.7674
1253012937,5213050243,48.7674
5105926076,1252954291,67.305
1252954291,5105926076,67.305
1252954291,1264360160,55.3196
1264360160,1252954291,55.3196
1252992693,5213573150,22.3673
5213573150,1252992693,22.3673
5213573150,5213573151,21.5244
5213573151,5213573150,21.5244
5213573151,1264287025,31.944
1264287025,5213573151,31.944
5213573158,5213573166,42.4558
5213573166,5213573158,42.4558
5213573166,1264283470,24.2364
1264283470,5213573166,24.2364
1264283470,1253035630,40.6045
1253035630,1264283470,40.6045
1253015183,11035107372,39.8962
11035107372,1253015183,39.8962
11035107372,1252997636,9.34511
1252997636,11035107372,9.34511
1252997636,1264303495,48.151
1264303495,1252997636,48.151
1264303495,1264353969,17.9581
1264353969,1264303495,17.9581
1264353969,1264316727,28.1041
1264316727,1264353969,28.1041
1264316727,5113922610,13.3595
5113922610,1264316727,13.3595
5113922610,1264330491,10.6104
1264330491,5113922610,10.6104
1264321297,11054085232,4.23768
11054085232,1264321297,4.23768
11054085232,1264281302,30.197
1264281302,11054085232,30.197
1264281302,11054085234,17.3738
11054085234,1264281302,17.3738
11054085234,1264325579,21.781
1264325579,11054085234,21.781
1264325579,1264342912,19.7938
1264342912,1264325579,19.7938
1264342912,1264307261,43.3604
1264307261,1264342912,43.3604
1264307261,5213050243,20.0663
5213050243,1264307261,20.0663
5213050243,5416508861,20.4301
5416508861,5213050243,20.4301
5416508861,5416508863,20.7743
5416508863,5416508861,20.7743
5416508863,11231219136,12.1864
11231219136,5416508863,12.1864
11231219136,5416508862,2.87499
5416508862,11231219136,2.87499
5416508862,5213050261,28.6247
5213050261,5416508862,28.6247
5213050261,5213050260,36.9396
5213050260,5213050261,36.9396
5213050260,11054085242,19.5534
11054085242,5213050260,19.5534
11054085242,5213050259,13.6141
5213050259,11054085242,13.6141
5213050259,5213050258,12.6272
5213050258,5213050259,12.6272
5413281702,5413274981,23.6761
5413274981,5413281702,23.6761
5413274981,11027066666,8.52893
11027066666,5413274981,8.52893
11027066666,10967277294,10.2734
10967277294,11027066666,10.2734
10967277294,8986870155,22.8659
8986870155,10967277294,22.8659
8986870155,5213050246,17.7572
5213050246,8986870155,17.7572
5213050246,10967277295,8.99918
10967277295,5213050246,8.99918
10967277295,10967277296,17.6196
10967277296,10967277295,17.6196
10967277296,5113922953,14.2586
5113922953,10967277296,14.2586
5113922953,11027066665,14.6278
11027066665,5113922953,14.6278
11027066665,10967277299,14.388
10967277299,11027066665,14.388
10967277299,5413274980,10.9957
5413274980,10967277299,10.9957
5413274980,5413274979,29.9851
5413274979,5413274980,29.9851
5413274979,5113922950,6.79115
5113922950,5413274979,6.79115
5113922950,10967277300,7.46399
10967277300,5113922950,7.46399
10967277300,10967277301,4.50521
10967277301,10967277300,4.50521
10967277301,5113922951,12.0808
5113922951,10967277301,12.0808
5415377697,5579802552,21.9156
5579802552,5415377697,21.9156
5579802552,1264330620,13.9859
1264330620,5579802552,13.9859
1264330620,5213022325,24.7579
5213022325,1264330620,24.7579
5213022325,11054085227,24.0934
11054085227,5213022325,24.0934
11054085227,5213022329,22.4734
5213022329,11054085227,22.4734
5213022329,11231291240,21.1287
11231291240,5213022329,21.1287
11231291240,1252916494,2.77145
1252916494,11231291240,2.77145
1252916494,1264366776,42.1414
1264366776,1252916494,42.1414
1264366776,1264330967,44.2263
1264330967,1264366776,44.2263
1264330967,1264294022,40.5142
1264294022,1264330967,40.5142
1264294022,11054085230,4.37632
11054085230,1264294022,4.37632
11054085230,1252969455,42.2691
1252969455,11054085230,42.2691
1252969455,11054085278,2.77776
11054085278,1252969455,2.77776
11054085278,1264337401,41.4003
1264337401,11054085278,41.4003
5415368372,5415368371,11.2353
5415368371,5415368372,11.2353
5415368371,5584753993,18.1141
5584753993,5415368371,18.1141
5584753993,5515048567,23.2664
5515048567,5584753993,23.2664
5515048567,10978106995,35.8757
10978106995,5515048567,35.8757
10978106995,5415368374,15.0659
5415368374,10978106995,15.0659
5415368374,1264342609,23.0796
1264342609,5415368374,23.0796
1264342609,5462556668,27.3159
5462556668,1264342609,27.3159
5462556668,5462556680,52.9053
5462556680,5462556668,52.9053
5462556680,10978106982,8.84035
10978106982,5462556680,8.84035
10978106982,5462556677,42.3038
5462556677,10978106982,42.3038
5462556677,5415368366,39.2701
5415368366,5462556677,39.2701
5415368366,5462556684,11.8693
5462556684,5415368366,11.8693
5462556684,5462556659,49.6317
5462556659,5462556684,49.6317
5462556659,5489103742,50.8109
5489103742,5462556659,50.8109
5489103742,1264285308,58.1588
1264285308,5489103742,58.1588
5381265049,11013082798,10.22
11013082798,5381265049,10.22
11013082798,11215720115,10.8719
11215720115,11013082798,10.8719
11215720115,5413222279,12.5984
5413222279,11215720115,12.5984
5413222279,11215720116,4.2967
11215720116,5413222279,4.2967
11215720116,10972466496,4.76315
10972466496,11215720116,4.76315
10972466496,5462556709,5.51465
5462556709,10972466496,5.51465
5462556709,5462556711,18.3903
5462556711,5462556709,18.3903
5462556711,11215720117,10.674
11215720117,5462556711,10.674
11215720117,1264346853,7.86541
1264346853,11215720117,7.86541
1264346853,11215720118,9.79684
11215720118,1264346853,9.79684
11215720118,9235724400,7.37601
9235724400,11215720118,7.37601
9235724400,8986886595,15.6866
8986886595,9235724400,15.6866
8986886595,1264295293,13.1923
1264295293,8986886595,13.1923
1264295293,1264338007,18.497
1264338007,1264295293,18.497
1264338007,1264302995,12.0948
1264302995,1264338007,12.0948
1264302995,5462556718,24.0412
5462556718,1264302995,24.0412
5462556718,1264336449,24.7701
1264336449,5462556718,24.7701
1264336449,11054085212,5.95685
11054085212,1264336449,5.95685
11054085212,11054085211,7.0573
11054085211,11054085212,7.0573
11054085211,5462556716,13.4008
5462556716,11054085211,13.4008
5462556716,10967277421,3.18182
10967277421,5462556716,3.18182
10967277421,1264292219,10.8398
1264292219,10967277421,10.8398
1264292219,1264339923,22.8859
1264339923,1264292219,22.8859
1264339923,5462556714,23.3891
5462556714,1264339923,23.3891
5462556714,5381398183,15.2822
5381398183,5462556714,15.2822
5381398183,9235724402,9.0756
9235724402,5381398183,9.0756
9235724402,11027066675,11.8483
11027066675,9235724402,11.8483
11027066675,11027066676,5.97235
11027066676,11027066675,5.97235
11027066676,5113905268,4.2939
5113905268,11027066676,4.2939
5113905268,1252989049,5.55464
1252989049,5113905268,5.55464
1264330386,1264340450,49.0316
1264340450,1264330386,49.0316
1264340450,5213022322,16.7444
5213022322,1264340450,16.7444
5213022322,11054085222,12.5783
11054085222,5213022322,12.5783
11054085222,11054085223,24.5976
11054085223,11054085222,24.5976
11054085223,5213022323,19.5792
5213022323,11054085223,19.5792
5213022323,11054085225,11.9124
11054085225,5213022323,11.9124
11054085225,11054085224,23.8832
11054085224,11054085225,23.8832
11054085224,11231219075,12.2926
11231219075,11054085224,12.2926
11231219075,11231219076,19.0587
11231219076,11231219075,19.0587
11231219076,1264290406,19.3065
1264290406,11231219076,19.3065
1264290406,11231219077,21.4997
11231219077,1264290406,21.4997
11231219077,1264342562,20.242
1264342562,11231219077,20.242
1264342562,1264369078,16.9886
1264369078,1264342562,16.9886
1264369078,5213022321,23.4887
5213022321,1264369078,23.4887
5213022321,5212995075,13.0114
5212995075,5213022321,13.0114
5212995075,5579802554,8.39886
5579802554,5212995075,8.39886
5579802554,11054085228,7.57096
11054085228,5579802554,7.57096
11054085228,11054085226,11.2807
11054085226,11054085228,11.2807
11054085226,1264289974,33.4564
1264289974,11054085226,33.4564
1264289974,1264319455,37.817
1264319455,1264289974,37.817
1264319455,11054085229,11.2754
11054085229,1264319455,11.2754
11054085229,1264349132,33.6954
1264349132,11054085229,33.6954
1264349132,1264287704,41.0925
1264287704,1264349132,41.0925
1264287704,11054085276,1.42599
11054085276,1264287704,1.42599
11054085276,1252982415,48.2332
1252982415,11054085276,48.2332
1252982415,1264335985,38.7365
1264335985,1252982415,38.7365
1264335985,5416508867,29.2607
5416508867,1264335985,29.2607
5416508867,1264365209,11.9528
1264365209,5416508867,11.9528
1264365209,1264291211,44.0144
1264291211,1264365209,44.0144
1264291211,1264334223,12.2514
1264334223,1264291211,12.2514
1264334223,11054085231,10.6328
11054085231,1264334223,10.6328
11054085231,1264359549,11.7097
1264359549,11054085231,11.7097
1264342275,5462556523,36.3682
5462556523,1264342275,36.3682
5462556523,5579802513,26.181
5579802513,5462556523,26.181
5579802513,5489103687,34.1704
5489103687,5579802513,34.1704
5489103687,5489103686,14.8918
5489103686,5489103687,14.8918
5489103686,5489103685,42.7833
5489103685,5489103686,42.7833
5489103685,5489103684,9.50611
5489103684,5489103685,9.50611
5489103684,10958659987,12.2796
10958659987,5489103684,12.2796
10958659987,5462556525,24.5008
5462556525,10958659987,24.5008
5462556525,5489103683,24.6197
5489103683,5462556525,24.6197
5489103683,5416554604,28.106
5416554604,5489103683,28.106
5416554604,5462556527,29.783
5462556527,5416554604,29.783
5462556527,11035107320,15.9752
11035107320,5462556527,15.9752
11035107320,5462556528,18.4242
5462556528,11035107320,18.4242
5413250759,5410073974,69.8202
5410073974,5413250759,69.8202
5410073974,1264319029,34.8316
1264319029,5410073974,34.8316
1264319029,5113942097,27.0202
5113942097,1264319029,27.0202
5113942097,11012615469,2.67869
11012615469,5113942097,2.67869
11012615469,1264354429,2.49627
1264354429,11012615469,2.49627
1264354429,10972468950,48.7179
10972468950,1264354429,48.7179
10972468950,1264334313,6.09473
1264334313,10972468950,6.09473
1264334313,1264319524,11.9369
1264319524,1264334313,11.9369
1264319524,1264290004,27.0617
1264290004,1264319524,27.0617
1264290004,1264287764,26.3634
1264287764,1264290004,26.3634
1264287764,1264336771,48.1556
1264336771,1264287764,48.1556
1264336771,10972468975,45.2512
10972468975,1264336771,45.2512
10972468975,5413262999,11.5616
5413262999,10972468975,11.5616
5413262999,1264305366,75.0738
1264305366,5413262999,75.0738
1264305366,10972469023,10.9756
10972469023,1264305366,10.9756
10972469023,5213518752,6.91276
5213518752,10972469023,6.91276
5213518752,1264297750,9.14907
1264297750,5213518752,9.14907
1264297750,1264288193,8.14981
1264288193,1264297750,8.14981
1264288193,4208410578,69.0676
4208410578,1264288193,69.0676
4208410578,5709308158,8.43507
5709308158,4208410578,8.43507
5213573217,5213573216,20.3541
5213573216,5213573217,20.3541
5213573216,5213573215,6.82195
5213573215,5213573216,6.82195
5213573158,5213573157,22.0178
5213573157,5213573158,22.0178
5213573157,5410185505,32.6945
5410185505,5213573157,32.6945
5410185505,1264325646,14.7722
1264325646,5410185505,14.7722
5413257299,4208410585,9.76413
4208410585,5413257299,9.76413
4208410585,5413257300,14.0644
5413257300,4208410585,14.0644
5413257300,5413257302,72.4684
5413257302,5413257300,72.4684
5413257302,1252956255,72.6222
1252956255,5413257302,72.6222
1252956255,1264311779,29.5356
1264311779,1252956255,29.5356
1264311779,1264293381,21.0421
1264293381,1264311779,21.0421
1264293381,5413258354,41.0819
5413258354,1264293381,41.0819
5413258354,1264358155,63.1126
1264358155,5413258354,63.1126
5213573154,5213573153,24.3346
5213573153,5213573154,24.3346
5213573153,5709308160,21.0052
5709308160,5213573153,21.0052
5709308160,5709308159,23.9159
5709308159,5709308160,23.9159
5709308159,5416508832,28.3804
5416508832,5709308159,28.3804
5410079089,5213573196,38.1804
5213573196,5410079089,38.1804
5213573196,5410079090,6.35299
5410079090,5213573196,6.35299
5410079090,5213573195,79.3543
5213573195,5410079090,79.3543
1264302213,10956491243,7.83276
10956491243,1264302213,7.83276
10956491243,5413232736,52.4295
5413232736,10956491243,52.4295
5413232736,1252936234,57.0457
1252936234,5413232736,57.0457
1252936234,5462754421,53.7176
5462754421,1252936234,53.7176
5462754421,5413293250,122.237
5413293250,5462754421,122.237
5413293250,1264310719,36.3474
1264310719,5413293250,36.3474
1264310719,5462754416,10.9639
5462754416,1264310719,10.9639
5462754416,1264364333,10.2022
1264364333,5462754416,10.2022
